				
   0.	   0.	   1125825.1	   531.46475	   0.
				
				
   0.0202020	  -138.12247	   1127679.2	   531.84765	   0.
				
				
   0.0404040	  -276.24537	   1129706.3	   532.26593	   0.
				
				
   0.0606061	  -414.36870	   1131905.1	   532.71920	   0.
				
				
   0.0808081	  -552.49247	   1134274.1	   533.20702	   0.
				
				
   0.1010101	  -690.61667	   1136811.5	   533.72893	   0.
				
				
   0.1212121	  -828.74129	   1139515.6	   534.28446	   0.
				
				
   0.1414141	  -966.86636	   1142384.6	   534.87307	   0.
				
				
   0.1616162	  -1104.9918	   1145416.3	   535.49420	   0.
				
				
   0.1818182	  -1243.1178	   1148608.8	   536.14729	   0.
				
				
   0.2020202	  -1381.2441	   1151959.7	   536.83170	   0.
				
				
   0.2222222	  -1519.3709	   1155466.7	   537.54680	   0.
				
				
   0.2424242	  -1657.4981	   1159127.3	   538.29191	   0.
				
				
   0.2626263	  -1795.6258	   1162939.1	   539.06633	   0.
				
				
   0.2828283	  -1933.7539	   1166899.2	   539.86934	   0.
				
				
   0.3030303	  -2071.8824	   1171005.1	   540.70016	   0.
				
				
   0.3232323	  -2210.0114	   1175253.7	   541.55803	   0.
				
				
   0.3434343	  -2348.1407	   1179642.2	   542.44212	   0.
				
				
   0.3636364	  -2486.2706	   1184167.4	   543.35162	   0.
				
				
   0.3838384	  -2624.4008	   1188826.2	   544.28566	   0.
				
				
   0.4040404	  -3053.6604	   1193615.4	   545.24334	   0.
				
				
   0.4242424	  -3191.7925	   1198531.5	   546.22380	   0.
				
				
   0.4444444	  -3329.9249	   1203571.1	   547.22609	   0.
				
				
   0.4646465	  -3468.0578	   1208730.8	   548.24927	   0.
				
				
   0.4848485	  -3606.1911	   1214006.9	   549.29238	   0.
				
				
   0.5050505	  -3744.3249	   1219395.7	   550.35444	   0.
				
				
   0.5252525	  -3882.4591	   1224893.5	   551.43444	   0.
				
				
   0.5454545	  -4020.5937	   1230496.4	   552.53138	   0.
				
				
   0.5656566	  -4158.7287	   1236200.5	   553.64422	   0.
				
				
   0.5858586	  -4296.8642	   1242001.7	   554.77192	   0.
				
				
   0.6060606	  -4435.0001	   1247896.2	   555.91341	   0.
				
				
   0.6262626	  -4573.1364	   1253879.6	   557.06764	   0.
				
				
   0.6464646	  -4711.2732	   1259947.9	   558.23353	   0.
				
				
   0.6666667	  -4849.4104	   1266096.8	   559.40998	   0.
				
				
   0.6868687	  -4987.5481	   1272322.0	   560.59590	   0.
				
				
   0.7070707	  -5125.6861	   1278619.1	   561.79019	   0.
				
				
   0.7272727	  -5263.8246	   1284983.8	   562.99174	   0.
				
				
   0.7474747	  -5401.9636	   1291411.5	   564.19943	   0.
				
				
   0.7676768	  -5540.1029	   1297897.9	   565.41217	   0.
				
				
   0.7878788	  -5678.2427	   1304438.3	   566.62882	   0.
				
				
   0.8080808	  -6107.4886	   1311028.2	   567.84824	   0.
				
				
   0.8282828	  -6245.6302	   1317663.0	   569.06940	   0.
				
				
   0.8484848	  -6383.7722	   1324338.1	   570.29114	   0.
				
				
   0.8686869	  -6521.9146	   1331048.7	   571.51236	   0.
				
				
   0.8888889	  -6660.0575	   1337790.1	   572.73197	   0.
				
				
   0.9090909	  -6798.2008	   1344557.8	   573.94887	   0.
				
				
   0.9292929	  -6936.3446	   1351346.9	   575.16198	   0.
				
				
   0.9494949	  -7074.4887	   1358152.6	   576.37024	   0.
				
				
   0.9696970	  -7212.6333	   1364970.3	   577.57259	   0.
				
				
   0.9898990	  -7350.7784	   1371795.2	   578.76799	   0.
				
				
   1.0101010	  -7488.9238	   1378622.4	   579.95542	   0.
				
				
   1.0303030	  -7627.0697	   1385447.2	   581.13385	   0.
				
				
   1.0505051	  -7765.2160	   1392264.9	   582.30232	   0.
				
				
   1.0707071	  -7903.3628	   1399070.7	   583.45984	   0.
				
				
   1.0909091	  -8041.5100	   1405859.8	   584.60548	   0.
				
				
   1.1111111	  -8179.6576	   1412627.4	   585.73831	   0.
				
				
   1.1313131	  -8317.8057	   1419368.9	   586.85744	   0.
				
				
   1.1515152	  -8455.9542	   1426079.5	   587.96201	   0.
				
				
   1.1717172	  -8594.1031	   1432754.5	   589.05116	   0.
				
				
   1.1919192	  -9023.3358	   1439389.3	   590.12401	   0.
				
				
   1.2121212	  -9161.4865	   1445979.2	   591.17995	   0.
				
				
   1.2323232	  -9299.6376	   1452519.7	   592.21815	   0.
				
				
   1.2525253	  -9437.7892	   1459006.0	   593.23792	   0.
				
				
   1.2727273	  -9575.9412	   1465433.8	   594.23856	   0.
				
				
   1.2929293	  -9714.0936	   1471798.5	   595.21945	   0.
				
				
   1.3131313	  -9852.2465	   1478095.6	   596.17999	   0.
				
				
   1.3333333	  -9990.3998	   1484320.8	   597.11963	   0.
				
				
   1.3535354	  -10128.553	   1490469.7	   598.03784	   0.
				
				
   1.3737374	  -10266.708	   1496538.0	   598.93415	   0.
				
				
   1.3939394	  -10404.862	   1502521.4	   599.80812	   0.
				
				
   1.4141414	  -10543.017	   1508415.8	   600.65936	   0.
				
				
   1.4343434	  -10681.173	   1514217.1	   601.48753	   0.
				
				
   1.4545455	  -10819.329	   1519921.2	   602.29231	   0.
				
				
   1.4747475	  -10971.477	   1525524.1	   602.49247	   0.0294451
				
				
   1.4949495	  -11125.467	   1531021.8	   602.49154	   0.0665790
				
				
   1.5151515	  -11275.397	   1536410.6	   602.49062	   0.1006324
				
				
   1.5353535	  -11421.572	   1541686.7	   602.48973	   0.1319334
				
				
   1.5555556	  -11564.261	   1546846.4	   602.48887	   0.1607637
				
				
   1.5757576	  -11703.706	   1551886.1	   602.48802	   0.1873668
				
				
   1.5959596	  -12198.147	   1556802.2	   602.48501	   0.2120279
				
				
   1.6161616	  -12331.724	   1561591.3	   602.48420	   0.2347799
				
				
   1.6363636	  -12462.642	   1566250.1	   602.48340	   0.2558615
				
				
   1.6565657	  -12591.058	   1570775.4	   602.48262	   0.2754141
				
				
   1.6767677	  -12717.116	   1575163.8	   602.48186	   0.2935627
				
				
   1.6969697	  -12840.947	   1579412.5	   602.48110	   0.3104176
				
				
   1.7171717	  -12962.669	   1583518.3	   602.48036	   0.3260767
				
				
   1.7373737	  -13082.391	   1587478.5	   602.47963	   0.3406271
				
				
   1.7575758	  -13200.214	   1591290.2	   602.47892	   0.3541463
				
				
   1.7777778	  -13316.228	   1594950.9	   602.47821	   0.3667037
				
				
   1.7979798	  -13430.520	   1598457.9	   602.47752	   0.3783613
				
				
   1.8181818	  -13543.168	   1601808.8	   602.47683	   0.3891745
				
				
   1.8383838	  -13654.244	   1605001.2	   602.47616	   0.3991931
				
				
   1.8585859	  -13763.818	   1608033.0	   602.47549	   0.4084619
				
				
   1.8787879	  -13871.954	   1610901.9	   602.47483	   0.4170210
				
				
   1.8989899	  -13978.710	   1613606.0	   602.47418	   0.4249064
				
				
   1.9191919	  -14084.143	   1616143.5	   602.47354	   0.4321503
				
				
   1.9393939	  -14188.308	   1618512.4	   602.47291	   0.4387818
				
				
   1.9595960	  -14291.254	   1620711.2	   602.47228	   0.4448268
				
				
   1.9797980	  -14393.030	   1622738.4	   602.47166	   0.4503085
				
				
   2.	  -14979.970	   1624592.4	   602.46809	   0.4553074
				
