
   531.46475


   531.84765


   532.26593


   532.71920


   533.20702


   533.72893


   534.28446


   534.87307


   535.49420


   536.14729


   536.83170


   537.54680


   538.29191


   539.06633


   539.86934


   540.70016


   541.55803


   542.44212


   543.35162


   544.28566


   545.24334


   546.22380


   547.22609


   548.24927


   549.29238


   550.35444


   551.43444


   552.53138


   553.64422


   554.77192


   555.91341


   557.06764


   558.23353


   559.40998


   560.59590


   561.79019


   562.99174


   564.19943


   565.41217


   566.62882


   567.84824


   569.06940


   570.29114


   571.51236


   572.73197


   573.94887


   575.16198


   576.37024


   577.57259


   578.76799


   579.95542


   581.13385


   582.30232


   583.45984


   584.60548


   585.73831


   586.85744


   587.96201


   589.05116


   590.12401


   591.17995


   592.21815


   593.23792


   594.23856


   595.21945


   596.17999


   597.11963


   598.03784


   598.93415


   599.80812


   600.65936


   601.48753


   602.29231


   602.49247


   602.49154


   602.49062


   602.48973


   602.48887


   602.48802


   602.48501


   602.48420


   602.48340


   602.48262


   602.48186


   602.48110


   602.48036


   602.47963


   602.47892


   602.47821


   602.47752


   602.47683


   602.47616


   602.47549


   602.47483


   602.47418


   602.47354


   602.47291


   602.47228


   602.47166


   602.46809

