
   1125825.1


   1127679.2


   1129706.3


   1131905.1


   1134274.1


   1136811.5


   1139515.6


   1142384.6


   1145416.3


   1148608.8


   1151959.7


   1155466.7


   1159127.3


   1162939.1


   1166899.2


   1171005.1


   1175253.7


   1179642.2


   1184167.4


   1188826.2


   1193615.4


   1198531.5


   1203571.1


   1208730.8


   1214006.9


   1219395.7


   1224893.5


   1230496.4


   1236200.5


   1242001.7


   1247896.2


   1253879.6


   1259947.9


   1266096.8


   1272322.0


   1278619.1


   1284983.8


   1291411.5


   1297897.9


   1304438.3


   1311028.2


   1317663.0


   1324338.1


   1331048.7


   1337790.1


   1344557.8


   1351346.9


   1358152.6


   1364970.3


   1371795.2


   1378622.4


   1385447.2


   1392264.9


   1399070.7


   1405859.8


   1412627.4


   1419368.9


   1426079.5


   1432754.5


   1439389.3


   1445979.2


   1452519.7


   1459006.0


   1465433.8


   1471798.5


   1478095.6


   1484320.8


   1490469.7


   1496538.0


   1502521.4


   1508415.8


   1514217.1


   1519921.2


   1525524.1


   1531021.8


   1536410.6


   1541686.7


   1546846.4


   1551886.1


   1556802.2


   1561591.3


   1566250.1


   1570775.4


   1575163.8


   1579412.5


   1583518.3


   1587478.5


   1591290.2


   1594950.9


   1598457.9


   1601808.8


   1605001.2


   1608033.0


   1610901.9


   1613606.0


   1616143.5


   1618512.4


   1620711.2


   1622738.4


   1624592.4

