
   12.712502


   11.335584


   10.216453


   9.2896529


   8.5101388


   7.8458948


   7.2735434


   6.7756166


   6.3388010


   5.9527720


   5.6094008


   5.3022002


   5.0259308


   4.7763150


   4.5498264


   4.3435320


   4.1549729


   3.9820720


   3.8230634


   3.6764361


   3.5408304


   3.4152486


   3.2986439


   3.1901620


   3.0890538


   2.9946597


   2.9063963


   2.8237462


   2.7462491


   2.6734936


   2.6051118


   2.5407730


   2.4801797


   2.4230633


   2.3691809


   2.3183125


   2.2702580


   2.2248355


   2.1818789


   2.1412369


   2.1027769


   2.0663603


   2.0318759


   1.9992170


   1.9682849


   1.9389892


   1.9112463


   1.8849794


   1.8601173


   1.8365943


   1.8143499


   1.7933278


   1.7734764


   1.7547475


   1.7370969


   1.7204834


   1.7048693


   1.6902193


   1.6765012


   1.6636948


   1.6517533


   1.6406612


   1.6303952


   1.6209344


   1.6122594


   1.6043527


   1.5971985


   1.5907827


   1.5850926


   1.5801172


   1.5758467


   1.5722730


   1.5693892


   1.5671899


   1.5656708


   1.5648288


   1.5646623


   1.5651709


   1.5663556


   1.5682220


   1.5707662


   1.5739970


   1.5779206


   1.5825445


   1.5878775


   1.5939300


   1.6007138


   1.6082421


   1.6165299


   1.6255937


   1.6354519


   1.6461244


   1.6576334


   1.6700028


   1.6832590


   1.6974303


   1.7125477


   1.7286446


   1.7457575


   1.7638980

