
   0.


   0.


   0.


   0.


   0.


   0.


   0.


   0.


   0.


   0.


   0.


   0.


   0.


   0.


   0.


   0.


   0.


   0.


   0.


   0.


   0.


   0.


   0.


   0.


   0.


   0.


   0.


   0.


   0.


   0.


   0.


   0.


   0.


   0.


   0.


   0.


   0.


   0.


   0.


   0.


   0.


   0.


   0.


   0.


   0.


   0.


   0.


   0.


   0.


   0.


   0.


   0.


   0.


   0.


   0.


   0.


   0.


   0.


   0.


   0.


   0.


   0.


   0.


   0.


   0.


   0.


   0.


   0.


   0.


   0.


   0.


   0.


   0.


   0.0294451


   0.0665790


   0.1006324


   0.1319334


   0.1607637


   0.1873668


   0.2120279


   0.2347799


   0.2558615


   0.2754141


   0.2935627


   0.3104176


   0.3260767


   0.3406271


   0.3541463


   0.3667037


   0.3783613


   0.3891745


   0.3991931


   0.4084619


   0.4170210


   0.4249064


   0.4321503


   0.4387818


   0.4448268


   0.4503085


   0.4553074

