
   167327.36


   183780.77


   200105.67


   216290.64


   232324.36


   248195.63


   263893.35


   279406.53


   294724.33


   309836.05


   324731.10


   339399.09


   353829.74


   368012.97


   381938.87


   395597.69


   408979.88


   422076.08


   434877.15


   447374.11


   459558.25


   471421.03


   482954.17


   494149.59


   504999.47


   515496.22


   525632.51


   535401.24


   544795.58


   553808.96


   562435.09


   570667.92


   578501.71


   585930.97


   592950.51


   599555.42


   605741.08


   611503.17


   616837.66


   621740.81


   626209.21


   630239.71


   633829.52


   636976.10


   639677.28


   641931.15


   643736.14


   645090.98


   645994.74


   646446.78


   646446.78


   645994.74


   645090.98


   643736.14


   641931.15


   639677.28


   636976.10


   633829.52


   630239.71


   626209.21


   621740.81


   616837.66


   611503.17


   605741.08


   599555.42


   592950.51


   585930.97


   578501.71


   570667.92


   562435.09


   553808.96


   544795.58


   535401.24


   525632.51


   515496.22


   504999.47


   494149.59


   482954.17


   471421.03


   459558.25


   447374.11


   434877.15


   422076.08


   408979.88


   395597.69


   381938.87


   368012.97


   353829.74


   339399.09


   324731.10


   309836.05


   294724.33


   279406.53


   263893.35


   248195.63


   232324.36


   216290.64


   200105.67


   183780.77


   167327.36

