
   2127149.4


   2083262.4


   2044370.1


   2009264.9


   1977112.6


   1947316.8


   1919439.7


   1893151.5


   1868198.9


   1844383.4


   1821546.9


   1799561.9


   1778323.8


   1757745.9


   1737755.6


   1718291.2


   1699300.3


   1680737.4


   1662562.9


   1644742.3


   1627217.8


   1610020.0


   1593093.8


   1576417.2


   1559970.5


   1543735.8


   1527696.4


   1511837.2


   1496144.4


   1480604.7


   1465206.3


   1449937.6


   1434788.2


   1419747.8


   1404807.0


   1389956.8


   1375188.6


   1360494.0


   1345865.1


   1331294.4


   1316778.2


   1302302.3


   1287862.9


   1273453.4


   1259067.1


   1244697.5


   1230338.3


   1215983.2


   1201626.0


   1187260.5


   1172880.6


   1158480.4


   1144053.6


   1129594.4


   1115096.6


   1100554.2


   1085961.0


   1071310.9


   1056597.7


   1041821.0


   1026962.4


   1012021.6


   996991.86


   981866.57


   966638.86


   951301.74


   935848.07


   920270.50


   904561.50


   888713.33


   872718.03


   856567.38


   840252.90


   823765.98


   807097.40


   790237.72


   773177.23


   755905.81


   738412.99


   720689.36


   702720.14


   684495.33


   666002.55


   647228.85


   628160.68


   608783.83


   589083.45


   569043.90


   548648.78


   527880.85


   506721.94


   485152.91


   463153.58


   440702.63


   417777.52


   394354.41


   370408.03


   345911.59


   320836.65


   295148.41

