
  -0.3453731


  -0.3437488


  -0.3419736


  -0.3400486


  -0.3379754


  -0.3357552


  -0.3333897


  -0.3308805


  -0.3282294


  -0.3254382


  -0.3225089


  -0.3194435


  -0.3162441


  -0.3129130


  -0.3094526


  -0.3058651


  -0.3021532


  -0.2983195


  -0.2943666


  -0.2902972


  -0.2860996


  -0.2818060


  -0.2774048


  -0.2728991


  -0.2682919


  -0.2635864


  -0.2587861


  -0.2538942


  -0.2489141


  -0.2438494


  -0.2387035


  -0.2334801


  -0.2281827


  -0.2228152


  -0.2173813


  -0.2118847


  -0.2063293


  -0.2007190


  -0.1950577


  -0.1893494


  -0.1835849


  -0.1777945


  -0.1719692


  -0.1661129


  -0.1602298


  -0.1543240


  -0.1483996


  -0.1424607


  -0.1365115


  -0.1305562


  -0.1245988


  -0.1186437


  -0.1126949


  -0.1067565


  -0.1008328


  -0.0949279


  -0.0890459


  -0.0831909


  -0.0773669


  -0.0715669


  -0.0658175


  -0.0601112


  -0.0544522


  -0.0488443


  -0.0432915


  -0.0377977


  -0.0323666


  -0.0270022


  -0.0217081


  -0.0164879


  -0.0113455


  -0.0062844


  -0.0013080


   0.0035806


   0.0083776


   0.0130793


   0.0176827


   0.0221843


   0.0265812


   0.0308821


   0.0350603


   0.0391247


   0.0430726


   0.0469011


   0.0506077


   0.0541897


   0.0576447


   0.0609702


   0.0641639


   0.0672237


   0.0701473


   0.0729327


   0.0755781


   0.0780814


   0.0804411


   0.0826555


   0.0847230


   0.0866421


   0.0884117


   0.0900448

