   0.	   531.46475	   532.30320	   536.87829	   579.30857	   643.63856	   0.
   0.0202020	   531.76819	   532.68871	   537.71176	   584.31424	   655.41778	   0.
   0.0404040	   532.09973	   533.10156	   538.56864	   589.31072	   667.22477	   0.
   0.0606061	   532.45908	   533.54140	   539.44824	   594.29445	   679.05198	   0.
   0.0808081	   532.84590	   534.00784	   540.34985	   599.26184	   690.89165	   0.
   0.1010101	   533.25986	   534.50048	   541.27276	   604.20933	   702.73588	   0.
   0.1212121	   533.70060	   535.01888	   542.21621	   609.13335	   714.57654	   0.
   0.1414141	   534.16771	   535.56260	   543.17946	   614.03038	   726.40532	   0.
   0.1616162	   534.66078	   536.13116	   544.16172	   618.89687	   738.21372	   0.
   0.1818182	   535.17939	   536.72406	   545.16220	   623.72932	   749.99303	   0.
   0.2020202	   535.72306	   537.34078	   546.18009	   628.52425	   761.73434	   0.
   0.2222222	   536.29131	   537.98080	   547.21457	   633.27819	   773.42853	   0.
   0.2424242	   536.88365	   538.64355	   548.26480	   637.98769	   785.06627	   0.
   0.2626263	   537.49954	   539.32845	   549.32994	   642.64936	   796.63801	   0.
   0.2828283	   538.13844	   540.03491	   550.40911	   647.25982	   808.13400	   0.
   0.3030303	   538.79979	   540.76231	   551.50146	   651.81572	   819.54426	   0.
   0.3232323	   539.48300	   541.51002	   552.60608	   656.31375	   830.85862	   0.
   0.3434343	   540.18748	   542.27739	   553.72209	   660.75065	   842.06665	   0.
   0.3636364	   540.91259	   543.06375	   554.84859	   665.12319	   853.15775	   0.
   0.3838384	   541.65770	   543.86843	   555.98465	   669.42819	   864.12109	   0.
   0.4040404	   542.42214	   544.69070	   557.12934	   673.66250	   874.94563	   0.
   0.4242424	   543.20526	   545.52989	   558.28177	   677.82305	   885.62015	   0.
   0.4444444	   544.00637	   546.38526	   559.44099	   681.90680	   896.13324	   0.
   0.4646465	   544.82476	   547.25606	   560.60605	   685.91075	   906.47328	   0.
   0.4848485	   545.65971	   548.14155	   561.77602	   689.83200	   916.62849	   0.
   0.5050505	   546.51050	   549.04096	   562.94994	   693.66765	   926.58696	   0.
   0.5252525	   547.37639	   549.95351	   564.12688	   697.41490	   936.33662	   0.
   0.5454545	   548.25661	   550.87843	   565.30586	   701.07101	   945.86527	   0.
   0.5656566	   549.15041	   551.81492	   566.48595	   704.63328	   955.16063	   0.
   0.5858586	   550.05701	   552.76218	   567.66619	   708.09910	   964.21035	   0.
   0.6060606	   550.97563	   553.71940	   568.84563	   711.46592	   973.00203	   0.
   0.6262626	   551.90546	   554.68576	   570.02331	   714.73126	   981.52324	   0.
   0.6464646	   552.84573	   555.66044	   571.19830	   717.89271	   989.76160	   0.
   0.6666667	   553.79561	   556.64263	   572.36964	   720.94794	   997.70479	   0.
   0.6868687	   554.75429	   557.63147	   573.53639	   723.89468	   1005.3406	   0.
   0.7070707	   555.72096	   558.62615	   574.69763	   726.73077	   1012.6568	   0.
   0.7272727	   556.69480	   559.62583	   575.85243	   729.45410	   1019.6417	   0.
   0.7474747	   557.67499	   560.62966	   576.99985	   732.06266	   1026.2836	   0.
   0.7676768	   558.66069	   561.63682	   578.13900	   734.55450	   1032.5711	   0.
   0.7878788	   559.65108	   562.64647	   579.26896	   736.92779	   1038.4932	   0.
   0.8080808	   560.64531	   563.65773	   580.38881	   739.18072	   1044.0394	   0.
   0.8282828	   561.64260	   564.66985	   581.49773	   741.31168	   1049.1994	   0.
   0.8484848	   562.64211	   565.68196	   582.59482	   743.31906	   1053.9638	   0.
   0.8686869	   563.64302	   566.69324	   583.67922	   745.20136	   1058.3234	   0.
   0.8888889	   564.64450	   567.70286	   584.75008	   746.95718	   1062.2700	   0.
   0.9090909	   565.64575	   568.71003	   585.80658	   748.58521	   1065.7958	   0.
   0.9292929	   566.64595	   569.71393	   586.84791	   750.08423	   1068.8938	   0.
   0.9494949	   567.64432	   570.71378	   587.87325	   751.45314	   1071.5578	   0.
   0.9696970	   568.64006	   571.70877	   588.88185	   752.69090	   1073.7827	   0.
   0.9898990	   569.63238	   572.69815	   589.87292	   753.79660	   1075.5638	   0.
   1.0101010	   570.62052	   573.68114	   590.84574	   754.76942	   1076.8977	   0.
   1.0303030	   571.60371	   574.65700	   591.79957	   755.60863	   1077.7817	   0.
   1.0505051	   572.58120	   575.62499	   592.73372	   756.31360	   1078.2143	   0.
   1.0707071	   573.55226	   576.58438	   593.64750	   756.88383	   1078.1946	   0.
   1.0909091	   574.51615	   577.53447	   594.54026	   757.31889	   1077.7230	   0.
   1.1111111	   575.47218	   578.47456	   595.41137	   757.61847	   1076.8008	   0.
   1.1313131	   576.41964	   579.40398	   596.26022	   757.78236	   1075.4302	   0.
   1.1515152	   577.35785	   580.32207	   597.08621	   757.81046	   1073.6142	   0.
   1.1717172	   578.28616	   581.22820	   597.88880	   757.70276	   1071.3571	   0.
   1.1919192	   579.20386	   582.12168	   598.66739	   757.45930	   1068.6637	   0.
   1.2121212	   580.11045	   583.00203	   599.42158	   757.08042	   1065.5400	   0.
   1.2323232	   581.00525	   583.86863	   600.15086	   756.56636	   1061.9926	   0.
   1.2525253	   581.88769	   584.72090	   600.85476	   755.91756	   1058.0288	   0.
   1.2727273	   582.75718	   585.55831	   601.53286	   755.13453	   1053.6567	   0.
   1.2929293	   583.61320	   586.38036	   602.18476	   754.21790	   1048.8853	   0.
   1.3131313	   584.45521	   587.18655	   602.81012	   753.16841	   1043.7237	   0.
   1.3333333	   585.28271	   587.97641	   603.40858	   751.98688	   1038.1820	   0.
   1.3535354	   586.09522	   588.74951	   603.97985	   750.67427	   1032.2705	   0.
   1.3737374	   586.89228	   589.50542	   604.52365	   749.23160	   1026.0002	   0.
   1.3939394	   587.67345	   590.24374	   605.03974	   747.66004	   1019.3821	   0.
   1.4141414	   588.43833	   590.96411	   605.52790	   745.96082	   1012.4279	   0.
   1.4343434	   589.18652	   591.66619	   605.98795	   744.13528	   1005.1493	   0.
   1.4545455	   589.91766	   592.34963	   606.41973	   742.18487	   997.55830	   0.
   1.4747475	   590.63140	   593.01416	   606.82311	   740.11114	   989.66711	   0.
   1.4949495	   591.32742	   593.65949	   607.19801	   737.91572	   981.48798	   0.
   1.5151515	   592.00543	   594.28537	   607.54435	   735.60033	   973.03327	   0.
   1.5353535	   592.66515	   594.89158	   607.86210	   733.16681	   964.31535	   0.
   1.5555556	   593.30632	   595.47791	   608.15125	   730.61706	   955.34659	   0.
   1.5757576	   593.92873	   596.04418	   608.41181	   727.95309	   946.13933	   0.
   1.5959596	   594.53204	   596.59012	   608.64372	   725.17688	   936.70571	   0.
   1.6161616	   595.11629	   597.11580	   608.84727	   722.29082	   927.05815	   0.
   1.6363636	   595.68120	   597.62100	   609.02245	   719.29705	   917.20858	   0.
   1.6565657	   596.22662	   598.10563	   609.16937	   716.19793	   907.16891	   0.
   1.6767677	   596.75242	   598.56959	   609.28818	   712.99585	   896.95089	   0.
   1.6969697	   597.25849	   599.01284	   609.37904	   709.69330	   886.56610	   0.
   1.7171717	   597.74473	   599.43531	   609.44215	   706.29286	   876.02593	   0.
   1.7373737	   598.21107	   599.83699	   609.47771	   702.79713	   865.34157	   0.
   1.7575758	   598.65745	   600.21786	   609.48594	   699.20883	   854.52400	   0.
   1.7777778	   599.08380	   600.57791	   609.46710	   695.53071	   843.58401	   0.
   1.7979798	   599.49010	   600.91716	   609.42143	   691.76559	   832.53213	   0.
   1.8181818	   599.87633	   601.23562	   609.34922	   687.91635	   821.37870	   0.
   1.8383838	   600.24246	   601.53334	   609.25075	   683.98590	   810.13382	   0.
   1.8585859	   600.58849	   601.81035	   609.12633	   679.97725	   798.80737	   0.
   1.8787879	   600.91443	   602.06670	   608.97626	   675.89340	   787.40900	   0.
   1.8989899	   601.22030	   602.30245	   608.80088	   671.73745	   775.94812	   0.
   1.9191919	   601.50610	   602.51765	   608.60050	   667.51248	   764.43393	   0.
   1.9393939	   601.77186	   602.71236	   608.37546	   663.22167	   752.87541	   0.
   1.9595960	   602.01761	   602.88666	   608.12611	   658.86819	   741.28131	   0.
   1.9797980	   602.24337	   603.04061	   607.85279	   654.45526	   729.66017	   0.
   2.	   602.44904	   603.17413	   607.55570	   649.98598	   718.02014	   0.
