					
   0.	   532.30320	   542.62608	   542.82884	   545.40105	   531.46475
					
					
   0.0202020	   532.68871	   544.02193	   544.24453	   547.06870	   531.76819
					
					
   0.0404040	   533.10156	   545.43590	   545.67815	   548.75202	   532.09973
					
					
   0.0606061	   533.54140	   546.86683	   547.12852	   550.44965	   532.45908
					
					
   0.0808081	   534.00784	   548.31354	   548.59445	   552.16019	   532.84590
					
					
   0.1010101	   534.50048	   549.77487	   550.07475	   553.88227	   533.25986
					
					
   0.1212121	   535.01888	   551.24962	   551.56821	   555.61447	   533.70060
					
					
   0.1414141	   535.56260	   552.73661	   553.07360	   557.35540	   534.16771
					
					
   0.1616162	   536.13116	   554.23461	   554.58972	   559.10364	   534.66078
					
					
   0.1818182	   536.72406	   555.74244	   556.11533	   560.85780	   535.17939
					
					
   0.2020202	   537.34078	   557.25888	   557.64919	   562.61645	   535.72306
					
					
   0.2222222	   537.98080	   558.78272	   559.19008	   564.37818	   536.29131
					
					
   0.2424242	   538.64355	   560.31273	   560.73674	   566.14158	   536.88365
					
					
   0.2626263	   539.32845	   561.84770	   562.28795	   567.90525	   537.49954
					
					
   0.2828283	   540.03491	   563.38641	   563.84246	   569.66777	   538.13844
					
					
   0.3030303	   540.76231	   564.92764	   565.39903	   571.42775	   538.79979
					
					
   0.3232323	   541.51002	   566.47018	   566.95642	   573.18378	   539.48300
					
					
   0.3434343	   542.27739	   568.01281	   568.51339	   574.93449	   540.18748
					
					
   0.3636364	   543.06375	   569.55432	   570.06872	   576.67848	   540.91259
					
					
   0.3838384	   543.86843	   571.09351	   571.62116	   578.41439	   541.65770
					
					
   0.4040404	   544.69070	   572.62915	   573.16949	   580.14083	   542.42214
					
					
   0.4242424	   545.52989	   574.16009	   574.71251	   581.85649	   543.20526
					
					
   0.4444444	   546.38526	   575.68513	   576.24901	   583.56001	   544.00637
					
					
   0.4646465	   547.25606	   577.20307	   577.77778	   585.25007	   544.82476
					
					
   0.4848485	   548.14155	   578.71274	   579.29762	   586.92534	   545.65971
					
					
   0.5050505	   549.04096	   580.21299	   580.80736	   588.58453	   546.51050
					
					
   0.5252525	   549.95351	   581.70266	   582.30581	   590.22636	   547.37639
					
					
   0.5454545	   550.87843	   583.18060	   583.79181	   591.84956	   548.25661
					
					
   0.5656566	   551.81492	   584.64568	   585.26423	   593.45288	   549.15041
					
					
   0.5858586	   552.76218	   586.09678	   586.72191	   595.03508	   550.05701
					
					
   0.6060606	   553.71940	   587.53280	   588.16374	   596.59497	   550.97563
					
					
   0.6262626	   554.68576	   588.95263	   589.58861	   598.13134	   551.90546
					
					
   0.6464646	   555.66044	   590.35521	   590.99542	   599.64303	   552.84573
					
					
   0.6666667	   556.64263	   591.73946	   592.38310	   601.12888	   553.79561
					
					
   0.6868687	   557.63147	   593.10433	   593.75059	   602.58779	   554.75429
					
					
   0.7070707	   558.62615	   594.44880	   595.09685	   604.01864	   555.72096
					
					
   0.7272727	   559.62583	   595.77185	   596.42087	   605.42036	   556.69480
					
					
   0.7474747	   560.62966	   597.07249	   597.72163	   606.79190	   557.67499
					
					
   0.7676768	   561.63682	   598.34973	   598.99816	   608.13225	   558.66069
					
					
   0.7878788	   562.64647	   599.60263	   600.24950	   609.44041	   559.65108
					
					
   0.8080808	   563.65773	   600.83020	   601.47468	   610.71536	   560.64531
					
					
   0.8282828	   564.66985	   602.03163	   602.67286	   611.95628	   561.64260
					
					
   0.8484848	   565.68196	   603.20596	   603.84314	   613.16221	   562.64211
					
					
   0.8686869	   566.69324	   604.35235	   604.98463	   614.33228	   563.64302
					
					
   0.8888889	   567.70286	   605.46995	   606.09652	   615.46567	   564.64450
					
					
   0.9090909	   568.71003	   606.55795	   607.17799	   616.56156	   565.64575
					
					
   0.9292929	   569.71393	   607.61556	   608.22828	   617.61920	   566.64595
					
					
   0.9494949	   570.71378	   608.64201	   609.24664	   618.63785	   567.64432
					
					
   0.9696970	   571.70877	   609.63659	   610.23235	   619.61683	   568.64006
					
					
   0.9898990	   572.69815	   610.59858	   611.18473	   620.55549	   569.63238
					
					
   1.0101010	   573.68114	   611.52732	   612.10315	   621.45322	   570.62052
					
					
   1.0303030	   574.65700	   612.42218	   612.98698	   622.30944	   571.60371
					
					
   1.0505051	   575.62499	   613.28254	   613.83564	   623.12363	   572.58120
					
					
   1.0707071	   576.58438	   614.10784	   614.64860	   623.89531	   573.55226
					
					
   1.0909091	   577.53447	   614.89754	   615.42535	   624.62403	   574.51615
					
					
   1.1111111	   578.47456	   615.65115	   616.16542	   625.30940	   575.47218
					
					
   1.1313131	   579.40398	   616.36820	   616.86839	   625.95107	   576.41964
					
					
   1.1515152	   580.32207	   617.04826	   617.53387	   626.54875	   577.35785
					
					
   1.1717172	   581.22820	   617.69096	   618.16150	   627.10216	   578.28616
					
					
   1.1919192	   582.12168	   618.29585	   618.75090	   627.61100	   579.20386
					
					
   1.2121212	   583.00203	   618.86280	   619.30198	   628.07532	   580.11045
					
					
   1.2323232	   583.86863	   619.39146	   619.81442	   628.49490	   581.00525
					
					
   1.2525253	   584.72090	   619.88160	   620.28804	   628.86967	   581.88769
					
					
   1.2727273	   585.55831	   620.33304	   620.72271	   629.19963	   582.75718
					
					
   1.2929293	   586.38036	   620.74564	   621.11834	   629.48481	   583.61320
					
					
   1.3131313	   587.18655	   621.11928	   621.47485	   629.72528	   584.45521
					
					
   1.3333333	   587.97641	   621.45392	   621.79226	   629.92118	   585.28271
					
					
   1.3535354	   588.74951	   621.74952	   622.07057	   630.07268	   586.09522
					
					
   1.3737374	   589.50542	   622.00611	   622.30988	   630.18001	   586.89228
					
					
   1.3939394	   590.24374	   622.22376	   622.51028	   630.24343	   587.67345
					
					
   1.4141414	   590.96411	   622.40256	   622.67194	   630.26324	   588.43833
					
					
   1.4343434	   591.66619	   622.54265	   622.79504	   630.23982	   589.18652
					
					
   1.4545455	   592.34963	   622.64422	   622.87981	   630.17354	   589.91766
					
					
   1.4747475	   593.01416	   622.70748	   622.92652	   630.06484	   590.63140
					
					
   1.4949495	   593.65949	   622.73268	   622.93547	   629.91420	   591.32742
					
					
   1.5151515	   594.28537	   622.72011	   622.90699	   629.72211	   592.00543
					
					
   1.5353535	   594.89158	   622.67010	   622.84145	   629.48913	   592.66515
					
					
   1.5555556	   595.47791	   622.58300	   622.73926	   629.21582	   593.30632
					
					
   1.5757576	   596.04418	   622.45919	   622.60083	   628.90278	   593.92873
					
					
   1.5959596	   596.59012	   622.29896	   622.42648	   628.55049	   594.53204
					
					
   1.6161616	   597.11580	   622.10301	   622.21697	   628.15991	   595.11629
					
					
   1.6363636	   597.62100	   621.87169	   621.97267	   627.73156	   595.68120
					
					
   1.6565657	   598.10563	   621.60549	   621.69410	   627.26614	   596.22662
					
					
   1.6767677	   598.56959	   621.30491	   621.38180	   626.76435	   596.75242
					
					
   1.6969697	   599.01284	   620.97050	   621.03633	   626.22693	   597.25849
					
					
   1.7171717	   599.43531	   620.60281	   620.65826	   625.65461	   597.74473
					
					
   1.7373737	   599.83699	   620.20240	   620.24819	   625.04813	   598.21107
					
					
   1.7575758	   600.21786	   619.76986	   619.80670	   624.40825	   598.65745
					
					
   1.7777778	   600.57791	   619.30577	   619.33439	   623.73572	   599.08380
					
					
   1.7979798	   600.91716	   618.81074	   618.83188	   623.03130	   599.49010
					
					
   1.8181818	   601.23562	   618.28536	   618.29977	   622.29572	   599.87633
					
					
   1.8383838	   601.53334	   617.73026	   617.73867	   621.52975	   600.24246
					
					
   1.8585859	   601.81035	   617.14604	   617.14918	   620.73410	   600.58849
					
					
   1.8787879	   602.06670	   616.53330	   616.53189	   619.90950	   600.91443
					
					
   1.8989899	   602.30245	   615.89265	   615.88741	   619.05667	   601.22030
					
					
   1.9191919	   602.51765	   615.22469	   615.21630	   618.17628	   601.50610
					
					
   1.9393939	   602.71236	   614.53001	   614.51915	   617.26902	   601.77186
					
					
   1.9595960	   602.88666	   613.80920	   613.79650	   616.33554	   602.01761
					
					
   1.9797980	   603.04061	   613.06282	   613.04889	   615.37646	   602.24337
					
					
   2.	   603.17413	   612.29128	   612.27669	   614.39223	   602.44904
					
