   0.	   536.87829	   547.17193	   547.37412	   549.93911
   0.0202020	   537.71176	   549.00978	   549.23169	   552.04716
   0.0404040	   538.56864	   550.86132	   551.10276	   554.16635
   0.0606061	   539.44824	   552.72509	   552.98584	   556.29499
   0.0808081	   540.34985	   554.59963	   554.87945	   558.43141
   0.1010101	   541.27276	   556.48346	   556.78211	   560.57394
   0.1212121	   542.21621	   558.37512	   558.69231	   562.72089
   0.1414141	   543.17946	   560.27312	   560.60856	   564.87059
   0.1616162	   544.16172	   562.17598	   562.52936	   567.02136
   0.1818182	   545.16220	   564.08225	   564.45322	   569.17154
   0.2020202	   546.18009	   565.99043	   566.37865	   571.31945
   0.2222222	   547.21457	   567.89906	   568.30415	   573.46344
   0.2424242	   548.26480	   569.80667	   570.22823	   575.60186
   0.2626263	   549.32994	   571.71182	   572.14942	   577.73306
   0.2828283	   550.40911	   573.61303	   574.06625	   579.85541
   0.3030303	   551.50146	   575.50887	   575.97723	   581.96729
   0.3232323	   552.60608	   577.39791	   577.88092	   584.06710
   0.3434343	   553.72209	   579.27870	   579.77586	   586.15323
   0.3636364	   554.84859	   581.14984	   581.66062	   588.22412
   0.3838384	   555.98465	   583.00992	   583.53377	   590.27819
   0.4040404	   557.12934	   584.85753	   585.39387	   592.31387
   0.4242424	   558.28177	   586.69132	   587.23956	   594.32969
   0.4444444	   559.44099	   588.50992	   589.06944	   596.32412
   0.4646465	   560.60605	   590.31196	   590.88213	   598.29565
   0.4848485	   561.77602	   592.09612	   592.67629	   600.24283
   0.5050505	   562.94994	   593.86107	   594.45056	   602.16420
   0.5252525	   564.12688	   595.60552	   596.20363	   604.05834
   0.5454545	   565.30586	   597.32817	   597.93420	   605.92386
   0.5656566	   566.48595	   599.02777	   599.64098	   607.75937
   0.5858586	   567.66619	   600.70306	   601.32271	   609.56352
   0.6060606	   568.84563	   602.35281	   602.97816	   611.33500
   0.6262626	   570.02331	   603.97584	   604.60610	   613.07251
   0.6464646	   571.19830	   605.57094	   606.20533	   614.77477
   0.6666667	   572.36964	   607.13695	   607.77468	   616.44054
   0.6868687	   573.53639	   608.67275	   609.31301	   618.06863
   0.7070707	   574.69763	   610.17721	   610.81919	   619.65785
   0.7272727	   575.85243	   611.64925	   612.29213	   621.20706
   0.7474747	   576.99985	   613.08780	   613.73075	   622.71513
   0.7676768	   578.13900	   614.49181	   615.13402	   624.18101
   0.7878788	   579.26896	   615.86030	   616.50092	   625.60363
   0.8080808	   580.38881	   617.19221	   617.83043	   626.98194
   0.8282828	   581.49773	   618.48670	   619.12168	   628.31507
   0.8484848	   582.59482	   619.74279	   620.37372	   629.60204
   0.8686869	   583.67922	   620.95959	   621.58565	   630.84195
   0.8888889	   584.75008	   622.13624	   622.75662	   632.03395
   0.9090909	   585.80658	   623.27191	   623.88582	   633.17722
   0.9292929	   586.84791	   624.36580	   624.97246	   634.27100
   0.9494949	   587.87325	   625.41716	   626.01579	   635.31454
   0.9696970	   588.88185	   626.42526	   627.01512	   636.30718
   0.9898990	   589.87292	   627.38941	   627.96976	   637.24827
   1.0101010	   590.84574	   628.30895	   628.87909	   638.13721
   1.0303030	   591.79957	   629.18329	   629.74251	   638.97346
   1.0505051	   592.73372	   630.01184	   630.55949	   639.75651
   1.0707071	   593.64750	   630.79406	   631.32951	   640.48593
   1.0909091	   594.54026	   631.52947	   632.05212	   641.16130
   1.1111111	   595.41137	   632.21762	   632.72689	   641.78229
   1.1313131	   596.26022	   632.85810	   633.35344	   642.34858
   1.1515152	   597.08621	   633.45054	   633.93146	   642.85993
   1.1717172	   597.88880	   633.99462	   634.46066	   643.31616
   1.1919192	   598.66739	   634.48999	   634.94071	   643.71701
   1.2121212	   599.42158	   634.93658	   635.37161	   644.06260
   1.2323232	   600.15086	   635.33412	   635.75312	   644.35279
   1.2525253	   600.85476	   635.68248	   636.08515	   644.58762
   1.2727273	   601.53286	   635.98157	   636.36766	   644.76714
   1.2929293	   602.18476	   636.23134	   636.60065	   644.89150
   1.3131313	   602.81012	   636.43180	   636.78418	   644.96086
   1.3333333	   603.40858	   636.58299	   636.91833	   644.97547
   1.3535354	   603.97985	   636.68502	   637.00326	   644.93560
   1.3737374	   604.52365	   636.73802	   637.03916	   644.84161
   1.3939394	   605.03974	   636.74218	   637.02627	   644.69386
   1.4141414	   605.52790	   636.69775	   636.96487	   644.49281
   1.4343434	   605.98795	   636.60498	   636.85529	   644.23893
   1.4545455	   606.41973	   636.46422	   636.69790	   643.93275
   1.4747475	   606.82311	   636.27583	   636.49313	   643.57486
   1.4949495	   607.19801	   636.04020	   636.24141	   643.16587
   1.5151515	   607.54435	   635.75780	   635.94324	   642.70643
   1.5353535	   607.86210	   635.42909	   635.59916	   642.19725
   1.5555556	   608.15125	   635.05462	   635.20974	   641.63905
   1.5757576	   608.41181	   634.63494	   634.77556	   641.03262
   1.5959596	   608.64372	   634.17050	   634.29713	   640.37859
   1.6161616	   608.84727	   633.66221	   633.77540	   639.67811
   1.6363636	   609.02245	   633.11059	   633.21090	   638.93187
   1.6565657	   609.16937	   632.51632	   632.60437	   638.14077
   1.6767677	   609.28818	   631.88013	   631.95654	   637.30571
   1.6969697	   609.37904	   631.20274	   631.26817	   636.42761
   1.7171717	   609.44215	   630.48493	   630.54006	   635.50742
   1.7373737	   609.47771	   629.72746	   629.77299	   634.54608
   1.7575758	   609.48594	   628.93115	   628.96779	   633.54457
   1.7777778	   609.46710	   628.09680	   628.12527	   632.50385
   1.7979798	   609.42143	   627.22524	   627.24628	   631.42490
   1.8181818	   609.34922	   626.31731	   626.33165	   630.30870
   1.8383838	   609.25075	   625.37385	   625.38222	   629.15622
   1.8585859	   609.12633	   624.39571	   624.39884	   627.96844
   1.8787879	   608.97626	   623.38375	   623.38236	   626.74631
   1.8989899	   608.80088	   622.33882	   622.33360	   625.49080
   1.9191919	   608.60050	   621.26177	   621.25342	   624.20284
   1.9393939	   608.37546	   620.15346	   620.14263	   622.88336
   1.9595960	   608.12611	   619.01471	   619.00205	   621.53327
   1.9797980	   607.85279	   617.84638	   617.83249	   620.15347
   2.	   607.55570	   616.64913	   616.63458	   618.74465
