
   531.46475


   531.76819


   532.09973


   532.45908


   532.84590


   533.25986


   533.70060


   534.16771


   534.66078


   535.17939


   535.72306


   536.29131


   536.88365


   537.49954


   538.13844


   538.79979


   539.48300


   540.18748


   540.91259


   541.65770


   542.42214


   543.20526


   544.00637


   544.82476


   545.65971


   546.51050


   547.37639


   548.25661


   549.15041


   550.05701


   550.97563


   551.90546


   552.84573


   553.79561


   554.75429


   555.72096


   556.69480


   557.67499


   558.66069


   559.65108


   560.64531


   561.64260


   562.64211


   563.64302


   564.64450


   565.64575


   566.64595


   567.64432


   568.64006


   569.63238


   570.62052


   571.60371


   572.58120


   573.55226


   574.51615


   575.47218


   576.41964


   577.35785


   578.28616


   579.20386


   580.11045


   581.00525


   581.88769


   582.75718


   583.61320


   584.45521


   585.28271


   586.09522


   586.89228


   587.67345


   588.43833


   589.18652


   589.91766


   590.63140


   591.32742


   592.00543


   592.66515


   593.30632


   593.92873


   594.53204


   595.11629


   595.68120


   596.22662


   596.75242


   597.25849


   597.74473


   598.21107


   598.65745


   599.08380


   599.49010


   599.87633


   600.24246


   600.58849


   600.91443


   601.22030


   601.50610


   601.77186


   602.01761


   602.24337


   602.44904

