
   547.17193


   549.00978


   550.86132


   552.72509


   554.59963


   556.48346


   558.37512


   560.27312


   562.17598


   564.08225


   565.99043


   567.89906


   569.80667


   571.71182


   573.61303


   575.50887


   577.39791


   579.27870


   581.14984


   583.00992


   584.85753


   586.69132


   588.50992


   590.31196


   592.09612


   593.86107


   595.60552


   597.32817


   599.02777


   600.70306


   602.35281


   603.97584


   605.57094


   607.13695


   608.67275


   610.17721


   611.64925


   613.08780


   614.49181


   615.86030


   617.19221


   618.48670


   619.74279


   620.95959


   622.13624


   623.27191


   624.36580


   625.41716


   626.42526


   627.38941


   628.30895


   629.18329


   630.01184


   630.79406


   631.52947


   632.21762


   632.85810


   633.45054


   633.99462


   634.48999


   634.93658


   635.33412


   635.68248


   635.98157


   636.23134


   636.43180


   636.58299


   636.68502


   636.73802


   636.74218


   636.69775


   636.60498


   636.46422


   636.27583


   636.04020


   635.75780


   635.42909


   635.05462


   634.63494


   634.17050


   633.66221


   633.11059


   632.51632


   631.88013


   631.20274


   630.48493


   629.72746


   628.93115


   628.09680


   627.22524


   626.31731


   625.37385


   624.39571


   623.38375


   622.33882


   621.26177


   620.15346


   619.01471


   617.84638


   616.64913

