
   654.65811


   667.57946


   680.53183


   693.50710


   706.49696


   719.49290


   732.48622


   745.46799


   758.42906


   771.36006


   784.25138


   797.09320


   809.87542


   822.58770


   835.21946


   847.75985


   860.19775


   872.52179


   884.72031


   896.78139


   908.69283


   920.44220


   932.01678


   943.40358


   954.58940


   965.56076


   976.30402


   986.80528


   997.05051


   1007.0255


   1016.7160


   1026.1075


   1035.1856


   1043.9359


   1052.3440


   1060.3957


   1068.0768


   1075.3736


   1082.2724


   1088.7601


   1094.8239


   1100.4519


   1105.6324


   1110.3546


   1114.6085


   1118.3847


   1121.6752


   1124.4725


   1126.7706


   1128.5643


   1129.8498


   1130.6243


   1130.8863


   1130.6356


   1129.8732


   1128.6014


   1126.8237


   1124.5446


   1121.7700


   1118.5066


   1114.7627


   1110.5469


   1105.8692


   1100.7401


   1095.1709


   1089.1737


   1082.7611


   1075.9461


   1068.7423


   1061.1635


   1053.2238


   1044.9375


   1036.3191


   1027.3831


   1018.1439


   1008.6162


   998.81418


   988.75227


   978.44458


   967.90489


   957.14727


   946.18506


   935.03151


   923.69963


   912.20211


   900.55137


   888.75957


   876.83851


   864.79975


   852.65450


   840.41371


   828.08801


   815.68774


   803.22295


   790.70341


   778.13861


   765.53775


   752.90979


   740.26340


   727.60686

