
   545.40105


   547.06870


   548.75202


   550.44965


   552.16019


   553.88227


   555.61447


   557.35540


   559.10364


   560.85780


   562.61645


   564.37818


   566.14158


   567.90525


   569.66777


   571.42775


   573.18378


   574.93449


   576.67848


   578.41439


   580.14083


   581.85649


   583.56001


   585.25007


   586.92534


   588.58453


   590.22636


   591.84956


   593.45288


   595.03508


   596.59497


   598.13134


   599.64303


   601.12888


   602.58779


   604.01864


   605.42036


   606.79190


   608.13225


   609.44041


   610.71536


   611.95628


   613.16221


   614.33228


   615.46567


   616.56156


   617.61920


   618.63785


   619.61683


   620.55549


   621.45322


   622.30944


   623.12363


   623.89531


   624.62403


   625.30940


   625.95107


   626.54875


   627.10216


   627.61100


   628.07532


   628.49490


   628.86967


   629.19963


   629.48481


   629.72528


   629.92118


   630.07268


   630.18001


   630.24343


   630.26324


   630.23982


   630.17354


   630.06484


   629.91420


   629.72211


   629.48913


   629.21582


   628.90278


   628.55049


   628.15991


   627.73156


   627.26614


   626.76435


   626.22693


   625.65461


   625.04813


   624.40825


   623.73572


   623.03130


   622.29572


   621.52975


   620.73410


   619.90950


   619.05667


   618.17628


   617.26902


   616.33554


   615.37646


   614.39223

