
   654.44575


   667.34508


   680.27535


   693.22848


   706.19617


   719.16992


   732.14105


   745.10064


   758.03957


   770.94848


   783.81780


   796.63770


   809.39813


   822.08879


   834.69910


   847.21825


   859.63515


   871.93847


   884.11659


   896.15762


   908.04939


   919.77955


   931.33538


   942.70397


   953.87214


   964.82649


   975.55340


   986.03906


   996.26946


   1006.2305


   1015.9078


   1025.2872


   1034.3542


   1043.0945


   1051.4937


   1059.5376


   1067.2123


   1074.5038


   1081.3987


   1087.8839


   1093.9467


   1099.5750


   1104.7574


   1109.4829


   1113.7416


   1117.5243


   1120.8226


   1123.6294


   1125.9384


   1127.7445


   1129.0437


   1129.8334


   1130.1119


   1129.8790


   1129.1356


   1127.8838


   1126.1272


   1123.8701


   1121.1183


   1117.8786


   1114.1589


   1109.9679


   1105.3153


   1100.2117


   1094.6682


   1088.6968


   1082.3100


   1075.5207


   1068.3424


   1060.7888


   1052.8739


   1044.6121


   1036.0175


   1027.1047


   1017.8881


   1008.3822


   998.60129


   988.55963


   978.27131


   967.75008


   957.01000


   946.06436


   934.92641


   923.60913


   912.12522


   900.48709


   888.70689


   876.79644


   864.76729


   852.63070


   840.39761


   828.07868


   815.68428


   803.22449


   790.70911


   778.14766


   765.54941


   752.92333


   740.27817


   727.62223

