
   643.63856


   655.41778


   667.22477


   679.05198


   690.89165


   702.73588


   714.57654


   726.40532


   738.21372


   749.99303


   761.73434


   773.42853


   785.06627


   796.63801


   808.13400


   819.54426


   830.85862


   842.06665


   853.15775


   864.12109


   874.94563


   885.62015


   896.13324


   906.47328


   916.62849


   926.58696


   936.33662


   945.86527


   955.16063


   964.21035


   973.00203


   981.52324


   989.76160


   997.70479


   1005.3406


   1012.6568


   1019.6417


   1026.2836


   1032.5711


   1038.4932


   1044.0394


   1049.1994


   1053.9638


   1058.3234


   1062.2700


   1065.7958


   1068.8938


   1071.5578


   1073.7827


   1075.5638


   1076.8977


   1077.7817


   1078.2143


   1078.1946


   1077.7230


   1076.8008


   1075.4302


   1073.6142


   1071.3571


   1068.6637


   1065.5400


   1061.9926


   1058.0288


   1053.6567


   1048.8853


   1043.7237


   1038.1820


   1032.2705


   1026.0002


   1019.3821


   1012.4279


   1005.1493


   997.55830


   989.66711


   981.48798


   973.03327


   964.31535


   955.34659


   946.13933


   936.70571


   927.05815


   917.20858


   907.16891


   896.95089


   886.56610


   876.02593


   865.34157


   854.52400


   843.58401


   832.53213


   821.37870


   810.13382


   798.80737


   787.40900


   775.94812


   764.43393


   752.87541


   741.28131


   729.66017


   718.02014

