
   589.60221


   595.61226


   601.60340


   607.57130


   613.51162


   619.42003


   625.29226


   631.12403


   636.91114


   642.64937


   648.33459


   653.96268


   659.52957


   665.03124


   670.46374


   675.82313


   681.10557


   686.30726


   691.42444


   696.45346


   701.39068


   706.23260


   710.97572


   715.61666


   720.15210


   724.57878


   728.89355


   733.09332


   737.17510


   741.13597


   744.97311


   748.68378


   752.26535


   755.71525


   759.03104


   762.21035


   765.25092


   768.15060


   770.90732


   773.51913


   775.98412


   778.30065


   780.46703


   782.48173


   784.34333


   786.05053


   787.60213


   788.99704


   790.23431


   791.31309


   792.23264


   792.99234


   793.59172


   794.03039


   794.30810


   794.42472


   794.38024


   794.17478


   793.80858


   793.28190


   792.59541


   791.74963


   790.74529


   789.58325


   788.26448


   786.79009


   785.16129


   783.37943


   781.44597


   779.36248


   777.13066


   774.75232


   772.22937


   769.56386


   766.75791


   763.81377


   760.73379


   757.52043


   754.17621


   750.70365


   747.10575


   743.38519


   739.54488


   735.58780


   731.51700


   727.33563


   723.04689


   718.65404


   714.16042


   709.56940


   704.88443


   700.10900


   695.24663


   690.30089


   685.27539


   680.17376


   674.99967


   669.75680


   664.44886


   659.07941

