
   589.80440


   595.83417


   601.84484


   607.83205


   613.79144


   619.71868


   625.60945


   631.45947


   637.26451


   643.02035


   648.72281


   654.36776


   659.95112


   665.46885


   670.91695


   676.29149


   681.58858


   686.80442


   691.93522


   696.97731


   701.92702


   706.78083


   711.53524


   716.18683


   720.73226


   725.16826


   729.49166


   733.69934


   737.78831


   741.75563


   745.59845


   749.31404


   752.89974


   756.35298


   759.67130


   762.85233


   765.89380


   768.79356


   771.54953


   774.15976


   776.62234


   778.93564


   781.09796


   783.10779


   784.96372


   786.66445


   788.20879


   789.59568


   790.82417


   791.89344


   792.80277


   793.55157


   794.13938


   794.56584


   794.83074


   794.93398


   794.87559


   794.65571


   794.27461


   793.73262


   793.03044


   792.16863


   791.14796


   789.96934


   788.63379


   787.14246


   785.49663


   783.69767


   781.74711


   779.64656


   777.39778


   775.00262


   772.46305


   769.78115


   766.95911


   763.99922


   760.90386


   757.67554


   754.31684


   750.83029


   747.21894


   743.48551


   739.63292


   735.66420


   731.58243


   727.39076


   723.09242


   718.69068


   714.18889


   709.59044


   704.89877


   700.11737


   695.24976


   690.29949


   685.27017


   680.16541


   674.98885


   669.74414


   664.43497


   659.06486

