
   592.36939


   598.64964


   604.90843


   611.14120


   617.34340


   623.51051


   629.63803


   635.72151


   641.75651


   647.73866


   653.66361


   659.52706


   665.32475


   671.05248


   676.70611


   682.28155


   687.77477


   693.18179


   698.49872


   703.72173


   708.84703


   713.87097


   718.78992


   723.60035


   728.29880


   732.88190


   737.34637


   741.68900


   745.90670


   749.99644


   753.95530


   757.78045


   761.46918


   765.01884


   768.42692


   771.69099


   774.80873


   777.77794


   780.59651


   783.26246


   785.77385


   788.12902


   790.32628


   792.36409


   794.24104


   795.95584


   797.50732


   798.89443


   800.11624


   801.17195


   802.06089


   802.78251


   803.33640


   803.72226


   803.93993


   803.98938


   803.87072


   803.58417


   803.13011


   802.50892


   801.72143


   800.76830


   799.65043


   798.36882


   796.92464


   795.31915


   793.55376


   791.63002


   789.54955


   787.31416


   784.92572


   782.38626


   779.69790


   776.86289


   773.88357


   770.76240


   767.50195


   764.10486


   760.57389


   756.91174


   753.12165


   749.20648


   745.16933


   741.01338


   736.74187


   732.35812


   727.86551


   723.26746


   718.56747


   713.76906


   708.87582


   703.89137


   698.81935


   693.66345


   688.42737


   683.11483


   677.72957


   672.27536


   666.75595


   661.17493

