
   664.75321


   665.78232


   666.80309


   667.81546


   668.81933


   669.81464


   670.80130


   671.77923


   672.74835


   673.70860


   674.65989


   675.60215


   676.53530


   677.45927


   678.37398


   679.27937


   680.17536


   681.06187


   681.93885


   682.80621


   683.66386


   684.51178


   685.34989


   686.17810


   686.99635


   687.80459


   688.60273


   689.39072


   690.16850


   690.93599


   691.69313


   692.43987


   693.17615


   693.90189


   694.61704


   695.32155


   696.01535


   696.69839


   697.37060


   698.03194


   698.68231


   699.32173


   699.95011


   700.56739


   701.17353


   701.76848


   702.35218


   702.92458


   703.48564


   704.03531


   704.57354


   705.10029


   705.61552


   706.11916


   706.61120


   707.09158


   707.56026


   708.01720


   708.46237


   708.89566


   709.31716


   709.72678


   710.12446


   710.51020


   710.88394


   711.24566


   711.59533


   711.93292


   712.25840


   712.57174


   712.87292


   713.16190


   713.43868


   713.70322


   713.95550


   714.19550


   714.42320


   714.63859


   714.84165


   715.03228


   715.21062


   715.37659


   715.53017


   715.67135


   715.80012


   715.91647


   716.02040


   716.11190


   716.19097


   716.25760


   716.31180


   716.35355


   716.38287


   716.39975


   716.40421


   716.39624


   716.37584


   716.34304


   716.29784


   716.24014

