
   542.82884


   544.24453


   545.67815


   547.12852


   548.59445


   550.07475


   551.56821


   553.07360


   554.58972


   556.11533


   557.64919


   559.19008


   560.73674


   562.28795


   563.84246


   565.39903


   566.95642


   568.51339


   570.06872


   571.62116


   573.16949


   574.71251


   576.24901


   577.77778


   579.29762


   580.80736


   582.30581


   583.79181


   585.26423


   586.72191


   588.16374


   589.58861


   590.99542


   592.38310


   593.75059


   595.09685


   596.42087


   597.72163


   598.99816


   600.24950


   601.47468


   602.67286


   603.84314


   604.98463


   606.09652


   607.17799


   608.22828


   609.24664


   610.23235


   611.18473


   612.10315


   612.98698


   613.83564


   614.64860


   615.42535


   616.16542


   616.86839


   617.53387


   618.16150


   618.75090


   619.30198


   619.81442


   620.28804


   620.72271


   621.11834


   621.47485


   621.79226


   622.07057


   622.30988


   622.51028


   622.67194


   622.79504


   622.87981


   622.92652


   622.93547


   622.90699


   622.84145


   622.73926


   622.60083


   622.42648


   622.21697


   621.97267


   621.69410


   621.38180


   621.03633


   620.65826


   620.24819


   619.80670


   619.33439


   618.83188


   618.29977


   617.73867


   617.14918


   616.53189


   615.88741


   615.21630


   614.51915


   613.79650


   613.04889


   612.27669

