
   532.30320


   532.68871


   533.10156


   533.54140


   534.00784


   534.50048


   535.01888


   535.56260


   536.13116


   536.72406


   537.34078


   537.98080


   538.64355


   539.32845


   540.03491


   540.76231


   541.51002


   542.27739


   543.06375


   543.86843


   544.69070


   545.52989


   546.38526


   547.25606


   548.14155


   549.04096


   549.95351


   550.87843


   551.81492


   552.76218


   553.71940


   554.68576


   555.66044


   556.64263


   557.63147


   558.62615


   559.62583


   560.62966


   561.63682


   562.64647


   563.65773


   564.66985


   565.68196


   566.69324


   567.70286


   568.71003


   569.71393


   570.71378


   571.70877


   572.69815


   573.68114


   574.65700


   575.62499


   576.58438


   577.53447


   578.47456


   579.40398


   580.32207


   581.22820


   582.12168


   583.00203


   583.86863


   584.72090


   585.55831


   586.38036


   587.18655


   587.97641


   588.74951


   589.50542


   590.24374


   590.96411


   591.66619


   592.34963


   593.01416


   593.65949


   594.28537


   594.89158


   595.47791


   596.04418


   596.59012


   597.11580


   597.62100


   598.10563


   598.56959


   599.01284


   599.43531


   599.83699


   600.21786


   600.57791


   600.91716


   601.23562


   601.53334


   601.81035


   602.06670


   602.30245


   602.51765


   602.71236


   602.88666


   603.04061


   603.17413

