
   547.37412


   549.23169


   551.10276


   552.98584


   554.87945


   556.78211


   558.69231


   560.60856


   562.52936


   564.45322


   566.37865


   568.30415


   570.22823


   572.14942


   574.06625


   575.97723


   577.88092


   579.77586


   581.66062


   583.53377


   585.39387


   587.23956


   589.06944


   590.88213


   592.67629


   594.45056


   596.20363


   597.93420


   599.64098


   601.32271


   602.97816


   604.60610


   606.20533


   607.77468


   609.31301


   610.81919


   612.29213


   613.73075


   615.13402


   616.50092


   617.83043


   619.12168


   620.37372


   621.58565


   622.75662


   623.88582


   624.97246


   626.01579


   627.01512


   627.96976


   628.87909


   629.74251


   630.55949


   631.32951


   632.05212


   632.72689


   633.35344


   633.93146


   634.46066


   634.94071


   635.37161


   635.75312


   636.08515


   636.36766


   636.60065


   636.78418


   636.91833


   637.00326


   637.03916


   637.02627


   636.96487


   636.85529


   636.69790


   636.49313


   636.24141


   635.94324


   635.59916


   635.20974


   634.77556


   634.29713


   633.77540


   633.21090


   632.60437


   631.95654


   631.26817


   630.54006


   629.77299


   628.96779


   628.12527


   627.24628


   626.33165


   625.38222


   624.39884


   623.38236


   622.33360


   621.25342


   620.14263


   619.00205


   617.83249


   616.63458

