
   579.30857


   584.31424


   589.31072


   594.29445


   599.26184


   604.20933


   609.13335


   614.03038


   618.89687


   623.72932


   628.52425


   633.27819


   637.98769


   642.64936


   647.25982


   651.81572


   656.31375


   660.75065


   665.12319


   669.42819


   673.66250


   677.82305


   681.90680


   685.91075


   689.83200


   693.66765


   697.41490


   701.07101


   704.63328


   708.09910


   711.46592


   714.73126


   717.89271


   720.94794


   723.89468


   726.73077


   729.45410


   732.06266


   734.55450


   736.92779


   739.18072


   741.31168


   743.31906


   745.20136


   746.95718


   748.58521


   750.08423


   751.45314


   752.69090


   753.79660


   754.76942


   755.60863


   756.31360


   756.88383


   757.31889


   757.61847


   757.78236


   757.81046


   757.70276


   757.45930


   757.08042


   756.56636


   755.91756


   755.13453


   754.21790


   753.16841


   751.98688


   750.67427


   749.23160


   747.66004


   745.96082


   744.13528


   742.18487


   740.11114


   737.91572


   735.60033


   733.16681


   730.61706


   727.95309


   725.17688


   722.29082


   719.29705


   716.19793


   712.99585


   709.69330


   706.29286


   702.79713


   699.20883


   695.53071


   691.76559


   687.91635


   683.98590


   679.97725


   675.89340


   671.73745


   667.51248


   663.22167


   658.86819


   654.45526


   649.98598

