
   549.93911


   552.04716


   554.16635


   556.29499


   558.43141


   560.57394


   562.72089


   564.87059


   567.02136


   569.17154


   571.31945


   573.46344


   575.60186


   577.73306


   579.85541


   581.96729


   584.06710


   586.15323


   588.22412


   590.27819


   592.31387


   594.32969


   596.32412


   598.29565


   600.24283


   602.16420


   604.05834


   605.92386


   607.75937


   609.56352


   611.33500


   613.07251


   614.77477


   616.44054


   618.06863


   619.65785


   621.20706


   622.71513


   624.18101


   625.60363


   626.98194


   628.31507


   629.60204


   630.84195


   632.03395


   633.17722


   634.27100


   635.31454


   636.30718


   637.24827


   638.13721


   638.97346


   639.75651


   640.48593


   641.16130


   641.78229


   642.34858


   642.85993


   643.31616


   643.71701


   644.06260


   644.35279


   644.58762


   644.76714


   644.89150


   644.96086


   644.97547


   644.93560


   644.84161


   644.69386


   644.49281


   644.23893


   643.93275


   643.57486


   643.16587


   642.70643


   642.19725


   641.63905


   641.03262


   640.37859


   639.67811


   638.93187


   638.14077


   637.30571


   636.42761


   635.50742


   634.54608


   633.54457


   632.50385


   631.42490


   630.30870


   629.15622


   627.96844


   626.74631


   625.49080


   624.20284


   622.88336


   621.53327


   620.15347


   618.74465

