
   542.62608


   544.02193


   545.43590


   546.86683


   548.31354


   549.77487


   551.24962


   552.73661


   554.23461


   555.74244


   557.25888


   558.78272


   560.31273


   561.84770


   563.38641


   564.92764


   566.47018


   568.01281


   569.55432


   571.09351


   572.62915


   574.16009


   575.68513


   577.20307


   578.71274


   580.21299


   581.70266


   583.18060


   584.64568


   586.09678


   587.53280


   588.95263


   590.35521


   591.73946


   593.10433


   594.44880


   595.77185


   597.07249


   598.34973


   599.60263


   600.83020


   602.03163


   603.20596


   604.35235


   605.46995


   606.55795


   607.61556


   608.64201


   609.63659


   610.59858


   611.52732


   612.42218


   613.28254


   614.10784


   614.89754


   615.65115


   616.36820


   617.04826


   617.69096


   618.29585


   618.86280


   619.39146


   619.88160


   620.33304


   620.74564


   621.11928


   621.45392


   621.74952


   622.00611


   622.22376


   622.40256


   622.54265


   622.64422


   622.70748


   622.73268


   622.72011


   622.67010


   622.58300


   622.45919


   622.29896


   622.10301


   621.87169


   621.60549


   621.30491


   620.97050


   620.60281


   620.20240


   619.76986


   619.30577


   618.81074


   618.28536


   617.73026


   617.14604


   616.53330


   615.89265


   615.22469


   614.53001


   613.80920


   613.06282


   612.29128

