
   536.87829


   537.71176


   538.56864


   539.44824


   540.34985


   541.27276


   542.21621


   543.17946


   544.16172


   545.16220


   546.18009


   547.21457


   548.26480


   549.32994


   550.40911


   551.50146


   552.60608


   553.72209


   554.84859


   555.98465


   557.12934


   558.28177


   559.44099


   560.60605


   561.77602


   562.94994


   564.12688


   565.30586


   566.48595


   567.66619


   568.84563


   570.02331


   571.19830


   572.36964


   573.53639


   574.69763


   575.85243


   576.99985


   578.13900


   579.26896


   580.38881


   581.49773


   582.59482


   583.67922


   584.75008


   585.80658


   586.84791


   587.87325


   588.88185


   589.87292


   590.84574


   591.79957


   592.73372


   593.64750


   594.54026


   595.41137


   596.26022


   597.08621


   597.88880


   598.66739


   599.42158


   600.15086


   600.85476


   601.53286


   602.18476


   602.81012


   603.40858


   603.97985


   604.52365


   605.03974


   605.52790


   605.98795


   606.41973


   606.82311


   607.19801


   607.54435


   607.86210


   608.15125


   608.41181


   608.64372


   608.84727


   609.02245


   609.16937


   609.28818


   609.37904


   609.44215


   609.47771


   609.48594


   609.46710


   609.42143


   609.34922


   609.25075


   609.12633


   608.97626


   608.80088


   608.60050


   608.37546


   608.12611


   607.85279


   607.55570

