
   657.35241


   670.55359


   683.78675


   697.04366


   710.31588


   723.59479


   736.87155


   750.13709


   763.38213


   776.59714


   789.77238


   802.89784


   815.96325


   828.95811


   841.87162


   854.69274


   867.41012


   880.01214


   892.48692


   904.82225


   917.00562


   929.02434


   940.86532


   952.51525


   963.96051


   975.18727


   986.18142


   996.92865


   1007.4144


   1017.6241


   1027.5427


   1037.1555


   1046.4473


   1055.4032


   1064.0081


   1072.2473


   1080.1059


   1087.5695


   1094.6240


   1101.2556


   1107.4508


   1113.1972


   1118.4824


   1123.2952


   1127.6251


   1131.4623


   1134.7984


   1137.6256


   1139.9375


   1141.7290


   1142.9960


   1143.7357


   1143.9469


   1143.6294


   1142.7844


   1141.4145


   1139.5237


   1137.1169


   1134.2006


   1130.7820


   1126.8701


   1122.4742


   1117.6049


   1112.2735


   1106.4922


   1100.2737


   1093.6314


   1086.5791


   1079.1311


   1071.3021


   1063.1068


   1054.5602


   1045.6774


   1036.4736


   1026.9639


   1017.1634


   1007.0869


   996.74933


   986.16523


   975.34878


   964.31450


   953.07605


   941.64702


   930.04068


   918.27000


   906.34765


   894.28596


   882.09693


   869.79227


   857.38333


   844.88117


   832.29651


   819.63976


   806.92105


   794.15016


   781.33662


   768.48965


   755.61819


   742.73093


   729.83609

