
   531.46475


   531.68505


   531.92581


   532.18680


   532.46782


   532.76863


   533.08898


   533.42860


   533.78721


   534.16451


   534.56019


   534.97391


   535.40534


   535.85411


   536.31985


   536.80219


   537.30071


   537.81501


   538.34466


   538.88923


   539.44826


   540.02130


   540.60789


   541.20754


   541.81976


   542.44405


   543.07991


   543.72682


   544.38426


   545.05169


   545.72859


   546.41440


   547.10857


   547.81057


   548.51982


   549.23576


   549.95784


   550.68548


   551.41811


   552.15516


   552.89604


   553.64022


   554.38711


   555.13612


   555.88671


   556.63828


   557.39028


   558.14215


   558.89333


   559.64326


   560.39139


   561.13718


   561.88009


   562.61958


   563.35513


   564.08622


   564.81233


   565.53297


   566.24764


   566.95581


   567.65708


   568.35096


   569.03697


   569.71468


   570.38365


   571.04345


   571.69366


   572.33390


   572.96375


   573.58285


   574.19083


   574.78732


   575.37200


   575.94451


   576.50456


   577.05182


   577.58601


   578.10683


   578.61403


   579.10727


   579.58643


   580.05123


   580.50143


   580.93681


   581.35719


   581.76237


   582.15217


   582.52642


   582.88495


   583.22763


   583.55431


   583.86487


   584.15917


   584.43711


   584.69858


   584.94349


   585.17174


   585.38327


   585.57799


   585.75575

