
   0.


  -138.12247


  -276.24537


  -414.36870


  -552.49247


  -690.61667


  -828.74129


  -966.86636


  -1104.9918


  -1243.1178


  -1381.2441


  -1519.3709


  -1657.4981


  -1795.6258


  -1933.7539


  -2071.8824


  -2210.0114


  -2348.1407


  -2486.2706


  -2624.4008


  -3053.6604


  -3191.7925


  -3329.9249


  -3468.0578


  -3606.1911


  -3744.3249


  -3882.4591


  -4020.5937


  -4158.7287


  -4296.8642


  -4435.0001


  -4573.1364


  -4711.2732


  -4849.4104


  -4987.5481


  -5125.6861


  -5263.8246


  -5401.9636


  -5540.1029


  -5678.2427


  -6107.4886


  -6245.6302


  -6383.7722


  -6521.9146


  -6660.0575


  -6798.2008


  -6936.3446


  -7074.4887


  -7212.6333


  -7350.7784


  -7488.9238


  -7627.0697


  -7765.2160


  -7903.3628


  -8041.5100


  -8179.6576


  -8317.8057


  -8455.9542


  -8594.1031


  -9023.3358


  -9161.4865


  -9299.6376


  -9437.7892


  -9575.9412


  -9714.0936


  -9852.2465


  -9990.3998


  -10128.553


  -10266.708


  -10404.862


  -10543.017


  -10681.173


  -10819.329


  -10957.485


  -11095.642


  -11233.799


  -11371.956


  -11510.114


  -11648.273


  -12077.492


  -12215.652


  -12353.813


  -12491.974


  -12630.135


  -12768.297


  -12906.460


  -13044.623


  -13182.786


  -13320.950


  -13459.114


  -13597.278


  -13735.443


  -13873.609


  -14011.775


  -14149.941


  -14288.108


  -14426.275


  -14564.442


  -14702.611


  -15131.816

