
   0.


  -268.95636


  -537.91447


  -806.87433


  -1075.8359


  -1344.7993


  -1613.7644


  -1882.7313


  -2151.6999


  -2420.6703


  -2862.9779


  -3131.9530


  -3400.9297


  -3669.9083


  -3938.8886


  -4207.8706


  -4476.8544


  -4745.8399


  -5014.8272


  -5283.8163


  -5726.1295


  -5995.1232


  -6264.1187


  -6533.1159


  -6802.1148


  -7071.1155


  -7340.1180


  -7609.1222


  -7878.1282


  -8320.4465


  -8589.4571


  -8858.4695


  -9127.4836


  -9396.4995


  -9665.5171


  -9934.5365


  -10203.558


  -10472.580


  -10741.605


  -11183.929


  -11452.958


  -11721.989


  -11991.022


  -12260.057


  -12529.093


  -12798.131


  -13067.171


  -13336.212


  -13605.256


  -14047.585

