
   531.46471


   531.68501


   531.92576


   532.18675


   532.46776


   532.76857


   533.08891


   533.42853


   533.78714


   534.16443


   534.56010


   534.97382


   535.40524


   535.85400


   536.31974


   536.80207


   537.30058


   537.81487


   538.34451


   538.88907


   539.44809


   540.02113


   540.60771


   541.20735


   541.81956


   542.44384


   543.07969


   543.72659


   544.38402


   545.05144


   545.72832


   546.41412


   547.10828


   547.81026


   548.51950


   549.23543


   549.95749


   550.68512


   551.41774


   552.15477


   552.89564


   553.63980


   554.38667


   555.13567


   555.88624


   556.63780


   557.38978


   558.14164


   558.89280


   559.64271


   560.39082


   561.13659


   561.87948


   562.61896


   563.35449


   564.08556


   564.81165


   565.53227


   566.24692


   566.95507


   567.65632


   568.35018


   569.03617


   569.71386


   570.38281


   571.04258


   571.69278


   572.33299


   572.96283


   573.58191


   574.18986


   574.78634


   575.37099


   575.94349


   576.50351


   577.05075


   577.58492


   578.10573


   578.61290


   579.10612


   579.58527


   580.05005


   580.50023


   580.93560


   581.35596


   581.76112


   582.15090


   582.52513


   582.88365


   583.22632


   583.55298


   583.86352


   584.15781


   584.43574


   584.69720


   584.94209


   585.17034


   585.38185


   585.57656


   585.75432

