
   1125825.1


   1126891.7


   1128057.8


   1129322.7


   1130685.4


   1132145.1


   1133700.7


   1135351.0


   1137095.1


   1138931.5


   1140859.1


   1142876.6


   1144982.4


   1147175.1


   1149453.2


   1151815.1


   1154259.2


   1156783.7


   1159386.8


   1162066.8


   1164821.8


   1167649.8


   1170548.9


   1173517.0


   1176552.1


   1179652.1


   1182814.7


   1186037.8


   1189319.1


   1192656.3


   1196047.1


   1199489.1


   1202979.9


   1206517.1


   1210098.1


   1213720.6


   1217381.9


   1221079.5


   1224810.8


   1228573.2


   1232364.1


   1236180.8


   1240020.6


   1243880.9


   1247759.0


   1251652.1


   1255557.6


   1259472.6


   1263394.5


   1267320.6


   1271248.0


   1275174.0


   1279095.9


   1283011.0


   1286916.4


   1290809.5


   1294687.6


   1298547.9


   1302387.7


   1306204.4


   1309995.3


   1313757.7


   1317489.0


   1321186.6


   1324848.0


   1328470.4


   1332051.5


   1335588.7


   1339079.5


   1342521.5


   1345912.3


   1349249.5


   1352530.8


   1355753.9


   1358916.5


   1362016.4


   1365051.5


   1368019.7


   1370918.7


   1373746.8


   1376501.7


   1379181.7


   1381784.9


   1384309.4


   1386753.4


   1389115.3


   1391393.5


   1393586.2


   1395692.0


   1397709.4


   1399637.0


   1401473.5


   1403217.5


   1404867.9


   1406423.5


   1407883.1


   1409245.9


   1410510.8


   1411676.9


   1412743.4

