
  -5240.0926


  -5378.2315


  -5516.3708


  -5654.5105


  -5792.6507


  -5930.7913


  -6068.9323


  -6207.0737


  -6345.2156


  -6483.3579


  -6621.5007


  -6759.6439


  -6897.7875


  -7035.9315


  -7174.0760


  -7312.2209


  -7450.3663


  -7588.5121


  -7726.6583


  -7864.8049


  -8294.0409


  -8432.1893


  -8570.3382


  -8708.4875


  -8846.6372


  -8984.7873


  -9122.9379


  -9261.0889


  -9399.2403


  -9537.3922


  -9675.5445


  -9813.6972


  -9951.8504


  -10090.004


  -10228.158


  -10366.313


  -10504.467


  -10642.623


  -10780.778


  -10918.935


  -11348.157


  -11486.315


  -11624.473


  -11762.632


  -11900.791


  -12038.951


  -12177.111


  -12315.272


  -12453.433


  -12591.594


  -12729.756


  -12867.918


  -13006.081


  -13144.244


  -13282.408


  -13420.572


  -13558.736


  -13696.901


  -13835.066


  -14264.276


  -14402.443


  -14540.610


  -14678.778


  -14816.947


  -14955.115


  -15093.285


  -15231.454


  -15369.624


  -15507.795


  -15645.966


  -15784.137


  -15922.309


  -16060.481


  -16198.654


  -16336.827


  -16475.001


  -16613.175


  -16751.349


  -16889.524


  -17318.720


  -17456.896


  -17595.073


  -17733.251


  -17871.429


  -18009.607


  -18147.786


  -18285.965


  -18424.145


  -18562.325


  -18700.505


  -18838.686


  -18976.868


  -19115.050


  -19253.232


  -19391.415


  -19529.598


  -19667.781


  -19805.965


  -19944.150


  -20373.331

