
  -5240.0926


  -5240.0926


  -5240.0926


  -5240.0926


  -5240.0926


  -5240.0926


  -5240.0926


  -5240.0926


  -5240.0926


  -5240.0926


  -5240.0926


  -5240.0926


  -5240.0926


  -5240.0926


  -5240.0926


  -5240.0926


  -5240.0926


  -5240.0926


  -5240.0926


  -5240.0926


  -5531.1856


  -5531.1856


  -5531.1856


  -5531.1856


  -5531.1856


  -5531.1856


  -5531.1856


  -5531.1856


  -5531.1856


  -5531.1856


  -5531.1856


  -5531.1856


  -5531.1856


  -5531.1856


  -5531.1856


  -5531.1856


  -5531.1856


  -5531.1856


  -5531.1856


  -5531.1856


  -5822.2552


  -5822.2552


  -5822.2552


  -5822.2552


  -5822.2552


  -5822.2552


  -5822.2552


  -5822.2552


  -5822.2552


  -5822.2552


  -5822.2552


  -5822.2552


  -5822.2552


  -5822.2552


  -5822.2552


  -5822.2552


  -5822.2552


  -5822.2552


  -5822.2552


  -6113.3025


  -6113.3025


  -6113.3025


  -6113.3025


  -6113.3025


  -6113.3025


  -6113.3025


  -6113.3025


  -6113.3025


  -6113.3025


  -6113.3025


  -6113.3025


  -6113.3025


  -6113.3025


  -6113.3025


  -6113.3025


  -6113.3025


  -6113.3025


  -6113.3025


  -6113.3025


  -6404.3266


  -6404.3266


  -6404.3266


  -6404.3266


  -6404.3266


  -6404.3266


  -6404.3266


  -6404.3266


  -6404.3266


  -6404.3266


  -6404.3266


  -6404.3266


  -6404.3266


  -6404.3266


  -6404.3266


  -6404.3266


  -6404.3266


  -6404.3266


  -6404.3266


  -6404.3266


  -6695.3273

