
   0.


  -127.33491


  -254.67028


  -382.00611


  -509.34240


  -636.67916


  -764.01637


  -891.35405


  -1018.6922


  -1146.0308


  -1273.3698


  -1400.7094


  -1528.0494


  -1655.3898


  -1782.7307


  -1910.0721


  -2037.4139


  -2164.7562


  -2292.0990


  -2419.4422


  -2546.7863


  -2674.1314


  -2801.4770


  -2928.8230


  -3056.1695


  -3183.5165


  -3310.8639


  -3438.2118


  -3565.5601


  -3692.9089


  -3820.2582


  -3947.6079


  -4074.9581


  -4202.3088


  -4329.6599


  -4457.0114


  -4584.3635


  -4711.7160


  -4839.0689


  -4966.4223


  -5093.7767


  -5221.1320


  -5348.4878


  -5475.8440


  -5603.2007


  -5730.5579


  -5857.9155


  -5985.2736


  -6112.6321


  -6239.9911


  -6367.3506


  -6494.7105


  -6622.0709


  -6749.4318


  -6876.7931


  -7004.1549


  -7131.5171


  -7258.8798


  -7386.2430


  -7513.6071


  -7640.9721


  -7768.3376


  -7895.7036


  -8023.0700


  -8150.4369


  -8277.8043


  -8405.1721


  -8532.5404


  -8659.9092


  -8787.2784


  -8914.6480


  -9042.0182


  -9169.3888


  -9296.7598


  -9424.1313


  -9551.5033


  -9678.8757


  -9806.2486


  -9933.6220


  -10060.996


  -10188.372


  -10315.747


  -10443.123


  -10570.500


  -10697.877


  -10825.255


  -10952.633


  -11080.011


  -11207.390


  -11334.770


  -11462.150


  -11589.530


  -11716.911


  -11844.292


  -11971.674


  -12099.056


  -12226.438


  -12353.822


  -12481.205


  -12608.590

