
   0.


  -10.806063


  -21.612098


  -32.418102


  -43.224078


  -54.030024


  -64.835940


  -75.641827


  -86.447685


  -97.253513


  -108.05931


  -118.86508


  -129.67082


  -140.47653


  -151.28221


  -162.08787


  -172.89349


  -183.69908


  -194.50465


  -205.31018


  -216.11566


  -226.92107


  -237.72645


  -248.53181


  -259.33714


  -270.14243


  -280.94770


  -291.75294


  -302.55814


  -313.36332


  -324.16847


  -334.97359


  -345.77868


  -356.58375


  -367.38878


  -378.19378


  -388.99875


  -399.80370


  -410.60861


  -421.41350


  -432.21832


  -443.02309


  -453.82782


  -464.63253


  -475.43720


  -486.24185


  -497.04647


  -507.85106


  -518.65562


  -529.46015


  -540.26465


  -551.06912


  -561.87356


  -572.67797


  -583.48235


  -594.28671


  -605.09103


  -615.89533


  -626.69959


  -637.50380


  -648.30794


  -659.11206


  -669.91614


  -680.72020


  -691.52422


  -702.32822


  -713.13219


  -723.93613


  -734.74004


  -745.54392


  -756.34777


  -767.15159


  -777.95539


  -788.75915


  -799.56288


  -810.36659


  -821.17026


  -831.97391


  -842.77752


  -853.58108


  -864.38457


  -875.18804


  -885.99148


  -896.79488


  -907.59826


  -918.40161


  -929.20493


  -940.00822


  -950.81148


  -961.61471


  -972.41791


  -983.22109


  -994.02423


  -1004.8273


  -1015.6304


  -1026.4335


  -1037.2365


  -1048.0395


  -1058.8425


  -1069.6454

