
   0.


   0.0021102


   0.0042203


   0.0063304


   0.0084405


   0.0105506


   0.0126607


   0.0147708


   0.0168808


   0.0189909


   0.0211009


   0.0232109


   0.0253209


   0.0274309


   0.0295409


   0.0316508


   0.0337608


   0.0358707


   0.0379806


   0.0400905


   0.0466461


   0.0487559


   0.0508658


   0.0529756


   0.0550854


   0.0571952


   0.0593049


   0.0614147


   0.0635245


   0.0656342


   0.0677439


   0.0698536


   0.0719633


   0.0740730


   0.0761827


   0.0782923


   0.0804020


   0.0825116


   0.0846212


   0.0867308


   0.0932847


   0.0953943


   0.0975038


   0.0996133


   0.1017228


   0.1038323


   0.1059418


   0.1080512


   0.1101607


   0.1122701


   0.1143795


   0.1164889


   0.1185983


   0.1207077


   0.1228171


   0.1249264


   0.1270358


   0.1291451


   0.1312544


   0.1378068


   0.1399161


   0.1420253


   0.1441345


   0.1462437


   0.1483529


   0.1504621


   0.1525713


   0.1546804


   0.1567896


   0.1588987


   0.1610078


   0.1631169


   0.1652260


   0.1673351


   0.1694441


   0.1715532


   0.1736622


   0.1757712


   0.1778802


   0.1844310


   0.1865400


   0.1886489


   0.1907578


   0.1928667


   0.1949756


   0.1970845


   0.1991934


   0.2013022


   0.2034111


   0.2055199


   0.2076287


   0.2097375


   0.2118463


   0.2139550


   0.2160638


   0.2181725


   0.2202813


   0.2223900


   0.2244987


   0.2310479

