
   0.


   0.0202020


   0.0404040


   0.0606061


   0.0808081


   0.1010101


   0.1212121


   0.1414141


   0.1616162


   0.1818182


   0.2020202


   0.2222222


   0.2424242


   0.2626263


   0.2828283


   0.3030303


   0.3232323


   0.3434343


   0.3636364


   0.3838384


   0.4040404


   0.4242424


   0.4444444


   0.4646465


   0.4848485


   0.5050505


   0.5252525


   0.5454545


   0.5656566


   0.5858586


   0.6060606


   0.6262626


   0.6464646


   0.6666667


   0.6868687


   0.7070707


   0.7272727


   0.7474747


   0.7676768


   0.7878788


   0.8080808


   0.8282828


   0.8484848


   0.8686869


   0.8888889


   0.9090909


   0.9292929


   0.9494949


   0.9696970


   0.9898990


   1.0101010


   1.0303030


   1.0505051


   1.0707071


   1.0909091


   1.1111111


   1.1313131


   1.1515152


   1.1717172


   1.1919192


   1.2121212


   1.2323232


   1.2525253


   1.2727273


   1.2929293


   1.3131313


   1.3333333


   1.3535354


   1.3737374


   1.3939394


   1.4141414


   1.4343434


   1.4545455


   1.4747475


   1.4949495


   1.5151515


   1.5353535


   1.5555556


   1.5757576


   1.5959596


   1.6161616


   1.6363636


   1.6565657


   1.6767677


   1.6969697


   1.7171717


   1.7373737


   1.7575758


   1.7777778


   1.7979798


   1.8181818


   1.8383838


   1.8585859


   1.8787879


   1.8989899


   1.9191919


   1.9393939


   1.9595960


   1.9797980


   2.

